1.6000000000000001 0.9000000000000001 -136.5967366292426561
1.6000000000000001 2.2999999999999998 -135.3803886899817996
0.2000000000000002 0.2000000000000002 -142.7354393183531727
0.2000000000000002 3.0000000000000000 -137.3226736062394480
3.0000000000000000 0.2000000000000002 -137.3122866421309993
1.6000000000000001 0.9000000000000001 -136.5967366292426561
1.6000000000000001 2.2999999999999998 -135.3803886899817996
0.2000000000000002 0.2000000000000002 -142.7354393183531727
0.2000000000000002 3.0000000000000000 -137.3226736062394480
3.0000000000000000 0.2000000000000002 -137.3122866421309993
1.6000000000000001 0.9000000000000001 -136.5967366292426561
1.6000000000000001 2.2999999999999998 -135.3803886899817996
0.2000000000000002 0.2000000000000002 -142.7354393183531727
0.2000000000000002 3.0000000000000000 -137.3226736062394480
3.0000000000000000 0.2000000000000002 -137.3122866421309993
1.6000000000000001 0.9000000000000001 -136.5967366292426561
1.6000000000000001 2.2999999999999998 -135.3803886899817996
0.2000000000000002 0.2000000000000002 -142.7354393183531727
0.2000000000000002 3.0000000000000000 -137.3226736062394480
3.0000000000000000 0.2000000000000002 -137.3122866421309993
1.6000000000000001 0.9000000000000001 -136.5967366292426561
1.6000000000000001 2.2999999999999998 -135.3803886899817996
0.2000000000000002 0.2000000000000002 -142.7354393183531727
0.2000000000000002 3.0000000000000000 -137.3226736062394480
3.0000000000000000 0.2000000000000002 -137.3122866421309993
