1.6000000000000001 0.9000000000000001 0.7992218994110626
1.6000000000000001 2.2999999999999998 2.2354353345628186
0.2000000000000002 0.2000000000000002 -6.7912852872210294
0.2000000000000002 3.0000000000000000 -0.1666254423586969
3.0000000000000000 0.2000000000000002 -0.1666254423217598
1.6000000000000001 0.9000000000000001 0.7992218994110626
1.6000000000000001 2.2999999999999998 2.2354353345628186
0.2000000000000002 0.2000000000000002 -6.7912852872210294
0.2000000000000002 3.0000000000000000 -0.1666254423586969
3.0000000000000000 0.2000000000000002 -0.1666254423217598
1.6000000000000001 0.9000000000000001 0.7992218994110626
1.6000000000000001 2.2999999999999998 2.2354353345628186
0.2000000000000002 0.2000000000000002 -6.7912852872210294
0.2000000000000002 3.0000000000000000 -0.1666254423586969
3.0000000000000000 0.2000000000000002 -0.1666254423217598
1.6000000000000001 0.9000000000000001 0.7992218994110626
1.6000000000000001 2.2999999999999998 2.2354353345628186
0.2000000000000002 0.2000000000000002 -6.7912852872210294
0.2000000000000002 3.0000000000000000 -0.1666254423586969
3.0000000000000000 0.2000000000000002 -0.1666254423217598
1.6000000000000001 0.9000000000000001 0.7992218994110626
1.6000000000000001 2.2999999999999998 2.2354353345628186
0.2000000000000002 0.2000000000000002 -6.7912852872210294
0.2000000000000002 3.0000000000000000 -0.1666254423586969
3.0000000000000000 0.2000000000000002 -0.1666254423217598
