1.0000000000000000 137.4326875637308376 94.3667022353058513
2.0000000000000000 109.8777962400390891 72.6134082198944810
3.0000000000000000 87.6894678420325420 56.6649317909555137
4.0000000000000000 69.8561844962341070 44.2127600703226520
5.0000000000000000 55.5613290259130395 34.4922334710641110
6.0000000000000000 44.1352966684684134 26.9054347487654510
7.0000000000000000 35.0085531975947220 20.9849603236385427
8.0000000000000000 27.7320371864065010 16.3655285404808630
9.0000000000000000 21.9406269618094711 12.7617385989355174
10.0000000000000000 17.3385213511104439 9.9506544305405633
