TASMANIAN SG 4.0
WARNING: do not edit this manually
localpolynomial
2 1 1 2
localp
1 2 12 0 0 0 1 0 2 0 3 0 4 1 0 1 1 1 2 2 0 2 1 2 2 3 0
1  -1.35822998698502090e+02 -2.67543703666399324e+00 7.44982590304573478e-01 5.63980585837612125e-01 7.01187110985017625e-02 -2.59126282026537069e+00 -1.64574076687679849e+00 3.46605322284034401e-01 8.39543770829067171e-01 3.46605328271863300e-01 1.34238472017925830e+02 1.29119270116365868e+02
0
0
1 0
0 4 5 6 6 6 9 9 9 11 11 11 11
5 8 1 2 3 4 11 6 7 9 10
1 12 1 -1.35822998698502090e+02 -1.38498435735166083e+02 -1.35078016108197517e+02 -1.36596736630996475e+02 -1.35380388692251302e+02 -1.38414261518767461e+02 -1.42735439322308252e+02 -1.37322673606178853e+02 -1.34983454927673023e+02 -1.37312286636065153e+02 -3.19442614269372690e-07 -7.99935999226890893e+00
custom
2.00000000000000011e-01 3.00000000000000000e+00
2.00000000000000011e-01 3.00000000000000000e+00
TASMANIAN SG end
