TASMANIAN SG 4.0
WARNING: do not edit this manually
localpolynomial
2 1 1 2
localp
1 2 12 0 0 0 1 0 2 0 3 0 4 1 0 1 1 1 2 2 0 2 1 2 2 3 0
1  1.36589376774517257e+00 -3.56420835186538465e+00 9.35285108941382948e-01 8.02355691340901345e-01 8.80648544201063643e-02 -3.56420835180435835e+00 -2.15412049251662419e+00 4.39488850171840806e-01 9.35285108839119861e-01 4.39488850334155412e-01 -3.23646382506685537e+00 -2.28477176395055892e+00
0
0
1 0
0 4 5 6 6 6 9 9 9 11 11 11 11
5 8 1 2 3 4 11 6 7 9 10
1 12 1 1.36589376774517257e+00 -2.19831458412021208e+00 2.30117887668655552e+00 3.86145283153381536e-01 1.92160117663597041e+00 -2.19831458405918578e+00 -7.91664342844119506e+00 -8.23540624945961808e-01 2.30117887658429243e+00 -8.23540624946936806e-01 1.60458819918422075e-07 -2.70098217210756575e+00
custom
2.00000000000000011e-01 3.00000000000000000e+00
2.00000000000000011e-01 3.00000000000000000e+00
TASMANIAN SG end
