TASMANIAN SG 4.0
WARNING: do not edit this manually
localpolynomial
2 1 1 2
localp
1 2 12 0 0 0 1 0 2 0 3 0 4 1 0 1 1 1 2 2 0 2 1 2 2 3 0
1  1.46088797307349383e+00 -3.45331615267879144e+00 9.24570909419060616e-01 7.64516124178762801e-01 8.73915137295291355e-02 -3.45331615268117842e+00 -2.16310749721914464e+00 4.27400706707621314e-01 9.24570909139812880e-01 4.27400707147962855e-01 -3.31002981531108453e+00 -2.23718666192206594e+00
0
0
1 0
0 4 5 6 6 6 9 9 9 11 11 11 11
5 8 1 2 3 4 11 6 7 9 10
1 12 1 1.46088797307349383e+00 -1.99242817960529739e+00 2.38545888249255444e+00 4.98746020912860744e-01 2.01056494151255327e+00 -1.99242817960768459e+00 -7.60885182950562022e+00 -6.40456563481002439e-01 2.38545888221330671e+00 -6.40456563317522098e-01 -2.36787172395813854e-08 -2.50295676518916155e+00
custom
2.00000000000000011e-01 3.00000000000000000e+00
2.00000000000000011e-01 3.00000000000000000e+00
TASMANIAN SG end
