TASMANIAN SG 4.0
WARNING: do not edit this manually
localpolynomial
2 1 1 2
localp
1 2 12 0 0 0 1 0 2 0 3 0 4 1 0 1 1 1 2 2 0 2 1 2 2 3 0
1  -4.94869943968743200e+02 -6.70508892218435903e-01 2.15644867446712851e-01 1.12653601370595879e-01 1.99244831890723617e-02 -3.84804031182488870e+01 -3.17542351095312370e-01 9.80354590585648111e-02 -4.27387253365168363e+01 9.80354540301959787e-02 5.37393024369011528e+02 5.06110785535557113e+02
0
0
1 0
0 4 5 6 6 6 9 9 9 11 11 11 11
5 8 1 2 3 4 11 6 7 9 10
1 12 1 -4.94869943968743200e+02 -4.95540452860961636e+02 -4.94654299101296488e+02 -4.95092544813481823e+02 -4.94742197051830772e+02 -5.33350347086992087e+02 -5.34338398330305836e+02 -5.33036666760486810e+02 -5.37608669305260037e+02 -5.38181142743448277e+02 -6.88017904311960470e-08 -7.99935999231054851e+00
custom
2.00000000000000011e-01 3.00000000000000000e+00
2.00000000000000011e-01 3.00000000000000000e+00
TASMANIAN SG end
