TASMANIAN SG 4.0
WARNING: do not edit this manually
localpolynomial
2 1 1 2
localp
1 2 12 0 0 0 1 0 2 0 3 0 4 1 0 1 1 1 2 2 0 2 1 2 2 3 0
1  -5.16100020336459011e+02 -5.31523113439789086e-01 1.75337582651309276e-01 8.62604655025052125e-02 1.61258630574820927e-02 -4.44803416592490066e+01 -2.41490955125300388e-01 7.82248780822101253e-02 -4.92945337357705284e+01 7.82248703458208183e-02 5.65219216420776434e+02 5.30340831173772926e+02
0
0
1 0
0 4 5 6 6 6 9 9 9 11 11 11 11
5 8 1 2 3 4 11 6 7 9 10
1 12 1 -5.16100020336459011e+02 -5.16631543449898800e+02 -5.15924682753807701e+02 -5.16279521427676400e+02 -5.15996225682075874e+02 -5.60580361995708017e+02 -5.61353376064273107e+02 -5.60326799534974498e+02 -5.65394554072229539e+02 -5.65847852315323507e+02 -6.88017904311960470e-08 -7.99935999231054851e+00
custom
2.00000000000000011e-01 3.00000000000000000e+00
2.00000000000000011e-01 3.00000000000000000e+00
TASMANIAN SG end
