TASMANIAN SG 4.0
WARNING: do not edit this manually
localpolynomial
2 1 1 2
localp
1 2 12 0 0 0 1 0 2 0 3 0 4 1 0 1 1 1 2 2 0 2 1 2 2 3 0
1  -4.67141679931823830e+02 -8.45290302044247710e-01 2.65079183122338691e-01 1.47122249473966349e-01 2.45834618302751551e-02 -3.19218397662569942e+01 -4.17544186690463448e-01 1.22423022511895851e-01 -3.53917542281998294e+01 1.22423021124404841e-01 5.02268354908099525e+02 4.75103239822641797e+02
0
0
1 0
0 4 5 6 6 6 9 9 9 11 11 11 11
5 8 1 2 3 4 11 6 7 9 10
1 12 1 -4.67141679931823830e+02 -4.67986970233868078e+02 -4.66876600748701492e+02 -4.67417202833372016e+02 -4.66984556878432386e+02 -4.99063519698080825e+02 -5.00326354186815536e+02 -4.98676017492446590e+02 -5.02533434160023660e+02 -5.03256301440943503e+02 -6.88017904311960470e-08 -7.99935999231054851e+00
custom
2.00000000000000011e-01 3.00000000000000000e+00
2.00000000000000011e-01 3.00000000000000000e+00
TASMANIAN SG end
