TASMANIAN SG 4.0
WARNING: do not edit this manually
localpolynomial
2 1 1 2
localp
1 2 12 0 0 0 1 0 2 0 3 0 4 1 0 1 1 1 2 2 0 2 1 2 2 3 0
1  1.54768819369133248e+00 -3.34994089852171317e+00 9.14861716814436621e-01 7.32014106026664058e-01 8.67794510227073435e-02 -3.34994090013624746e+00 -2.16766282989245163e+00 4.16442163008283295e-01 9.14861716701188099e-01 4.16442161154056745e-01 -3.37741148266758540e+00 -2.20057311796847177e+00
0
0
1 0
0 4 5 6 6 6 9 9 9 11 11 11 11
5 8 1 2 3 4 11 6 7 9 10
1 12 1 1.54768819369133248e+00 -1.80225270483038069e+00 2.46254991050576910e+00 6.04731850457140063e-01 2.09189850312125802e+00 -1.80225270644491498e+00 -7.31985643485908000e+00 -4.70948826622195060e-01 2.46254991039252058e+00 -4.70948826975135793e-01 1.44539372278964128e-07 -2.32785537434526324e+00
custom
2.00000000000000011e-01 3.00000000000000000e+00
2.00000000000000011e-01 3.00000000000000000e+00
TASMANIAN SG end
