TASMANIAN SG 4.0
WARNING: do not edit this manually
localpolynomial
2 1 1 2
localp
1 2 12 0 0 0 1 0 2 0 3 0 4 1 0 1 1 1 2 2 0 2 1 2 2 3 0
1  -1.35822998706815213e+02 -2.67543703067985916e+00 7.44982598586574341e-01 5.63980593138467157e-01 7.01187213779235208e-02 -2.59126281428123661e+00 -1.64574077053748624e+00 3.46605316264259500e-01 8.39543779111068034e-01 3.46605316246836992e-01 1.34238472267618050e+02 1.29119270121605240e+02
0
0
1 0
0 4 5 6 6 6 9 9 9 11 11 11 11
5 8 1 2 3 4 11 6 7 9 10
1 12 1 -1.35822998706815213e+02 -1.38498435737495072e+02 -1.35078016108228638e+02 -1.36596736629016675e+02 -1.35380388686144016e+02 -1.38414261521096449e+02 -1.42735439322313795e+02 -1.37322673606245615e+02 -1.34983454927704145e+02 -1.37312286642137167e+02 -6.14995302288734546e-08 -7.99935999235058492e+00
custom
2.00000000000000011e-01 3.00000000000000000e+00
2.00000000000000011e-01 3.00000000000000000e+00
TASMANIAN SG end
