TASMANIAN SG 4.0
WARNING: do not edit this manually
localpolynomial
2 1 1 2
localp
1 2 12 0 0 0 1 0 2 0 3 0 4 1 0 1 1 1 2 2 0 2 1 2 2 3 0
1  1.62735346820851645e+00 -3.25329971682206143e+00 9.06018468916278907e-01 7.04008521663737730e-01 8.62203649493131774e-02 -3.25329971678706542e+00 -2.16861186760887037e+00 4.06479504635046673e-01 9.06018467887295342e-01 4.06479505707693978e-01 -3.43939045693211831e+00 -2.17285254284727802e+00
0
0
1 0
0 4 5 6 6 6 9 9 9 11 11 11 11
5 8 1 2 3 4 11 6 7 9 10
1 12 1 1.62735346820851645e+00 -1.62594624861354475e+00 2.53337193712479536e+00 7.04712131461223579e-01 2.16658306761596897e+00 -1.62594624857854919e+00 -7.04785783300948054e+00 -3.13448275027223611e-01 2.53337193609581179e+00 -3.13448275018555544e-01 -5.19200271942031776e-08 -2.17214893303229450e+00
custom
2.00000000000000011e-01 3.00000000000000000e+00
2.00000000000000011e-01 3.00000000000000000e+00
TASMANIAN SG end
