TASMANIAN SG 4.0
WARNING: do not edit this manually
localpolynomial
2 1 1 2
localp
1 2 12 0 0 0 1 0 2 0 3 0 4 1 0 1 1 1 2 2 0 2 1 2 2 3 0
1  -1.35822998706502091e+02 -2.67543702853222953e+00 7.44982598636937610e-01 5.63980590761417488e-01 7.01187148682436145e-02 -2.59126281213360699e+00 -1.64574077473358216e+00 3.46605313956530381e-01 8.39543779161431303e-01 3.46605313939107873e-01 1.34238472246974453e+02 1.29119270120329276e+02
0
0
1 0
0 4 5 6 6 6 9 9 9 11 11 11 11
5 8 1 2 3 4 11 6 7 9 10
1 12 1 -1.35822998706502091e+02 -1.38498435735034320e+02 -1.35078016107865153e+02 -1.36596736630006802e+02 -1.35380388692315364e+02 -1.38414261518635698e+02 -1.42735439321901509e+02 -1.37322673606042230e+02 -1.34983454927340659e+02 -1.37312286641933781e+02 -8.17292801455564049e-08 -7.99935999223962835e+00
custom
2.00000000000000011e-01 3.00000000000000000e+00
2.00000000000000011e-01 3.00000000000000000e+00
TASMANIAN SG end
