TASMANIAN SG 4.0
WARNING: do not edit this manually
localpolynomial
2 1 1 2
localp
1 2 12 0 0 0 1 0 2 0 3 0 4 1 0 1 1 1 2 2 0 2 1 2 2 3 0
1  -2.41166984433171081e+02 -2.11958678127950861e+00 6.03551860744460100e-01 4.27968127026531420e-01 5.66126648559475143e-02 -5.72551053450212066e+00 -1.24826150023437776e+00 2.83968363670055624e-01 -3.73683694854048554e+00 2.83968372193157848e-01 2.44300269201524486e+02 2.36030379708153220e+02
0
0
1 0
0 4 5 6 6 6 9 9 9 11 11 11 11
5 8 1 2 3 4 11 6 7 9 10
1 12 1 -2.41166984433171081e+02 -2.43286571214450589e+02 -2.40563432572426620e+02 -2.41798809696784303e+02 -2.40808595837942903e+02 -2.46892494967673201e+02 -2.50260343249187088e+02 -2.46004974743258686e+02 -2.44903821381711566e+02 -2.46739439790797917e+02 -3.19442614269240341e-07 -7.99935999226890893e+00
custom
2.00000000000000011e-01 3.00000000000000000e+00
2.00000000000000011e-01 3.00000000000000000e+00
TASMANIAN SG end
