TASMANIAN SG 4.0
WARNING: do not edit this manually
localpolynomial
2 1 1 2
localp
1 2 12 0 0 0 1 0 2 0 3 0 4 1 0 1 1 1 2 2 0 2 1 2 2 3 0
1  -3.83626771224863660e+02 -1.34059778544468600e+00 4.00091802684698905e-01 2.50925556990296172e-01 3.73149553212215324e-02 -1.79032670424149387e+01 -7.21944828665755267e-01 1.88481312432031700e-01 -1.90257588030348188e+01 1.88481317147591199e-01 4.02252438156411984e+02 3.84579044753760570e+02
0
0
1 0
0 4 5 6 6 6 9 9 9 11 11 11 11
5 8 1 2 3 4 11 6 7 9 10
1 12 1 -3.83626771224863660e+02 -3.84967369010308346e+02 -3.83226679422178961e+02 -3.84046144560595678e+02 -3.83389410368200060e+02 -4.01530038267278599e+02 -4.03592580881389040e+02 -4.00941465152161868e+02 -4.02652530027898479e+02 -4.03804646496195573e+02 -6.88017904311960470e-08 -7.99935999231054851e+00
custom
2.00000000000000011e-01 3.00000000000000000e+00
2.00000000000000011e-01 3.00000000000000000e+00
TASMANIAN SG end
