TASMANIAN SG 4.0
WARNING: do not edit this manually
localpolynomial
2 1 1 2
localp
1 2 12 0 0 0 1 0 2 0 3 0 4 1 0 1 1 1 2 2 0 2 1 2 2 3 0
1  -1.35822998706523578e+02 -2.67543703145494760e+00 7.44982600728008038e-01 5.63980590701788742e-01 7.01187152082525245e-02 -2.59126281505632505e+00 -1.64574070550261808e+00 3.46605314552334676e-01 8.39543781252501731e-01 3.46605314534912168e-01 1.34238472269640965e+02 1.29119270121665011e+02
0
0
1 0
0 4 5 6 6 6 9 9 9 11 11 11 11
5 8 1 2 3 4 11 6 7 9 10
1 12 1 -1.35822998706523578e+02 -1.38498435737978525e+02 -1.35078016105795570e+02 -1.36596736631549248e+02 -1.35380388690951321e+02 -1.38414261521579903e+02 -1.42735439258537468e+02 -1.37322673606299560e+02 -1.34983454925271076e+02 -1.37312286642191111e+02 -5.49021038374979178e-08 -7.99935999238673912e+00
custom
2.00000000000000011e-01 3.00000000000000000e+00
2.00000000000000011e-01 3.00000000000000000e+00
TASMANIAN SG end
