TASMANIAN SG 4.0
WARNING: do not edit this manually
localpolynomial
2 1 1 2
localp
1 2 12 0 0 0 1 0 2 0 3 0 4 1 0 1 1 1 2 2 0 2 1 2 2 3 0
1  -1.35790366805533921e+02 -2.66177368585107388e+00 7.41494018956558421e-01 5.58913613752821448e-01 6.98537587929024539e-02 -2.57703442340019251e+00 -1.64136949755476280e+00 3.44903145402753353e-01 8.36761396074962249e-01 3.44903148787977898e-01 1.34212111071059780e+02 1.29079524024965110e+02
0
0
1 0
0 4 5 6 6 6 9 9 9 11 11 11 11
5 8 1 2 3 4 11 6 7 9 10
1 12 1 -1.35790366805533921e+02 -1.38452140491384995e+02 -1.35048872786577363e+02 -1.36562340034706637e+02 -1.35349766037262725e+02 -1.38367401228934114e+02 -1.42670544412339950e+02 -1.37281004064574802e+02 -1.34953605409458959e+02 -1.37270475946522055e+02 -3.19442614269410753e-07 -7.99935999226890893e+00
custom
2.00000000000000011e-01 3.00000000000000000e+00
2.00000000000000011e-01 3.00000000000000000e+00
TASMANIAN SG end
