TASMANIAN SG 4.0
WARNING: do not edit this manually
localpolynomial
2 1 1 2
localp
1 2 12 0 0 0 1 0 2 0 3 0 4 1 0 1 1 1 2 2 0 2 1 2 2 3 0
1  1.70076446388441327e+00 -3.16271451790562885e+00 8.98276849412070311e-01 6.79814694479463855e-01 8.55324459723700858e-02 -3.16271451785414115e+00 -2.16662071534567247e+00 3.97047762198960541e-01 8.98276849438824465e-01 3.97047762260631210e-01 -3.49731781873597125e+00 -2.15238290111939445e+00
0
0
1 0
0 4 5 6 6 6 9 9 9 11 11 11 11
5 8 1 2 3 4 11 6 7 9 10
1 12 1 1.70076446388441327e+00 -1.46195005402121536e+00 2.59904131329648358e+00 7.99221899411062586e-01 2.23543533456281862e+00 -1.46195005396972766e+00 -6.79128528722102942e+00 -1.66625442358696862e-01 2.59904131332323773e+00 -1.66625442321759798e-01 3.43999336355940698e-07 -2.03297569616205154e+00
custom
2.00000000000000011e-01 3.00000000000000000e+00
2.00000000000000011e-01 3.00000000000000000e+00
TASMANIAN SG end
