TASMANIAN SG 4.0
WARNING: do not edit this manually
localpolynomial
2 1 1 2
localp
1 2 12 0 0 0 1 0 2 0 3 0 4 1 0 1 1 1 2 2 0 2 1 2 2 3 0
1  -4.30926430093404292e+02 -1.06490238142708904e+00 3.25709664539260757e-01 1.92137275653863071e-01 3.02981895518996680e-02 -2.49645965921287711e+01 -5.49039039544254592e-01 1.52256508044160910e-01 -2.73892479950108623e+01 1.52256511551854601e-01 4.57989968355074097e+02 4.35409368397158119e+02
0
0
1 0
0 4 5 6 6 6 9 9 9 11 11 11 11
5 8 1 2 3 4 11 6 7 9 10
1 12 1 -4.30926430093404292e+02 -4.31991332474831381e+02 -4.30600720428865031e+02 -4.31266744008463945e+02 -4.30733277071582734e+02 -4.55891026685533063e+02 -4.57504968106504407e+02 -4.55413060512949642e+02 -4.58315678088415154e+02 -4.59228323958290389e+02 -6.88017904311960470e-08 -7.99935999231054851e+00
custom
2.00000000000000011e-01 3.00000000000000000e+00
2.00000000000000011e-01 3.00000000000000000e+00
TASMANIAN SG end
