TASMANIAN SG 4.0
WARNING: do not edit this manually
localpolynomial
2 1 1 2
localp
1 2 12 0 0 0 1 0 2 0 3 0 4 1 0 1 1 1 2 2 0 2 1 2 2 3 0
1  -5.32354687211801092e+02 -4.21088970608025193e-01 1.42477213459414997e-01 6.60508646251400933e-02 1.30305774407588615e-02 -4.98513101481087233e+01 -1.83653868489955130e-01 6.22189058858566568e-02 -5.50239193178895221e+01 6.22188961352776460e-02 5.87236129247429403e+02 5.49280982293544866e+02
0
0
1 0
0 4 5 6 6 6 9 9 9 11 11 11 11
5 8 1 2 3 4 11 6 7 9 10
1 12 1 -5.32354687211801092e+02 -5.32775776182409118e+02 -5.32212209998341677e+02 -5.32499180832479965e+02 -5.32270418027630626e+02 -5.82205997359909816e+02 -5.82810740199007796e+02 -5.82001301240564544e+02 -5.87378606529690614e+02 -5.87737476604163362e+02 -6.88017904311960470e-08 -7.99935999231054851e+00
custom
2.00000000000000011e-01 3.00000000000000000e+00
2.00000000000000011e-01 3.00000000000000000e+00
TASMANIAN SG end
