TASMANIAN SG 4.0
WARNING: do not edit this manually
localpolynomial
2 1 1 2
localp
1 2 12 0 0 0 1 0 2 0 3 0 4 1 0 1 1 1 2 2 0 2 1 2 2 3 0
1  -5.44799896159186005e+02 -3.33406215656282257e-01 1.15696359197386300e-01 5.05760847557894522e-02 1.05111954063659141e-02 -5.45808464712744126e+01 -1.39668764103703325e-01 4.93471865992205494e-02 -5.99522079457739210e+01 4.93471753502490174e-02 6.04636407676960744e+02 5.64090959402512681e+02
0
0
1 0
0 4 5 6 6 6 9 9 9 11 11 11 11
5 8 1 2 3 4 11 6 7 9 10
1 12 1 -5.44799896159186005e+02 -5.45133302374842287e+02 -5.44684199799988619e+02 -5.44916023182258414e+02 -5.44731536784181003e+02 -5.99380742630460418e+02 -5.99853817610220403e+02 -5.99215699084663811e+02 -6.04752104104959926e+02 -6.05036163145265959e+02 -6.88017904311960470e-08 -7.99935999231054851e+00
custom
2.00000000000000011e-01 3.00000000000000000e+00
2.00000000000000011e-01 3.00000000000000000e+00
TASMANIAN SG end
