TASMANIAN SG 4.0
WARNING: do not edit this manually
localpolynomial
2 1 1 2
localp
1 2 12 0 0 0 1 0 2 0 3 0 4 1 0 1 1 1 2 2 0 2 1 2 2 3 0
1  -3.21850415244779185e+02 -1.68636917152497290e+00 4.91392497274944162e-01 3.27701298687372855e-01 4.59492171859778864e-02 -1.12304925579830979e+01 -9.49302868273207423e-01 2.32075422278342103e-01 -1.08398934013370649e+01 2.32075428617747548e-01 3.32198916080077993e+02 3.19466301531459976e+02
0
0
1 0
0 4 5 6 6 6 9 9 9 11 11 11 11
5 8 1 2 3 4 11 6 7 9 10
1 12 1 -3.21850415244779185e+02 -3.23536784416304158e+02 -3.21359022747504241e+02 -3.22365898531854327e+02 -3.21558769778955707e+02 -3.33080907802762283e+02 -3.35716579842560463e+02 -3.32357439883208997e+02 -3.32690308646116250e+02 -3.34144602389023476e+02 -6.87632850972795568e-08 -7.99935999231075900e+00
custom
2.00000000000000011e-01 3.00000000000000000e+00
2.00000000000000011e-01 3.00000000000000000e+00
TASMANIAN SG end
