TASMANIAN SG 4.0
WARNING: do not edit this manually
localpolynomial
2 1 1 2
localp
1 2 12 0 0 0 1 0 2 0 3 0 4 1 0 1 1 1 2 2 0 2 1 2 2 3 0
1  -1.35822998703948087e+02 -2.67543703095537921e+00 7.44982595705181438e-01 5.63980590183120967e-01 7.01187161137113435e-02 -2.59126281455675667e+00 -1.64574076889294929e+00 3.46605316560214760e-01 8.39543776229675132e-01 3.46605316542792252e-01 1.34238472269794926e+02 1.29119270118879797e+02
0
0
1 0
0 4 5 6 6 6 9 9 9 11 11 11 11
5 8 1 2 3 4 11 6 7 9 10
1 12 1 -1.35822998703948087e+02 -1.38498435734903467e+02 -1.35078016108242906e+02 -1.36596736629242656e+02 -1.35380388689981800e+02 -1.38414261518504844e+02 -1.42735439318353173e+02 -1.37322673606239448e+02 -1.34983454927718412e+02 -1.37312286642130999e+02 -6.22183050208022719e-08 -7.99935999234665562e+00
custom
2.00000000000000011e-01 3.00000000000000000e+00
2.00000000000000011e-01 3.00000000000000000e+00
TASMANIAN SG end
